# Format version 3
# nfields = 2
# NDim = 2
# PW grid = 32 48 
# k-space data = 0 , complex data = 0
# Columns: x y fielddata
           0            0     0.5180993488   0.004544056462 
           0 0.1804219591     0.3624607528   0.004470715569 
           0 0.3608439182     0.6616900885   0.004257703764 
           0 0.5412658774     0.4685225461   0.003925017607 
           0 0.7216878365      0.993535436   0.003502526371 
           0 0.9021097956     0.8627544916   0.003025573262 
           0  1.082531755     0.1104102602   0.002530162282 
           0  1.262953714      0.756747308   0.002048635117 
           0  1.443375673     0.3239296028   0.001606532785 
           0  1.623797632     0.8706699512   0.001220993218 
           0  1.804219591     0.2564308944   0.000900666481 
           0   1.98464155     0.9534307428  0.0006468321043 
           0  2.165063509     0.7344433387  0.0004552381727 
           0  2.345485469     0.3658431348  0.0003181610734 
           0  2.525907428     0.3824318411  0.0002262785207 
           0  2.706329387     0.6433127868  0.0001701046131 
           0  2.886751346     0.5630156378  0.0001409002472 
           0  3.067173305     0.5149434825  0.0001311047933 
           0  3.247595264     0.2614029851  0.0001344151708 
           0  3.428017223     0.9908250496  0.0001456647538 
           0  3.608439182     0.7856837448  0.0001606381101 
           0  3.788861142     0.8465263586  0.0001759154406 
           0  3.969283101      0.771889728  0.0001887899504 
           0   4.14970506     0.6169084089  0.0001972561726 
           0  4.330127019     0.5057508672  0.0002000365805 
           0  4.510548978      0.933270449  0.0001972561726 
           0  4.690970937     0.9785416845  0.0001887899504 
           0  4.871392896     0.8262239206  0.0001759154406 
           0  5.051814855     0.5220383052  0.0001606381101 
           0  5.232236815      0.576045077  0.0001456647538 
           0  5.412658774     0.9959046534  0.0001344151708 
           0  5.593080733     0.9827268655  0.0001311047933 
           0  5.773502692     0.3197785429  0.0001409002472 
           0  5.953924651     0.7207707622  0.0001701046131 
           0   6.13434661     0.3672878031  0.0002262785207 
           0  6.314768569     0.1693917622  0.0003181610734 
           0  6.495190528     0.2711116435  0.0004552381727 
           0  6.675612488     0.1874722197  0.0006468321043 
           0  6.856034447     0.0534167535   0.000900666481 
           0  7.036456406     0.1751605767   0.001220993218 
           0  7.216878365     0.9888269836   0.001606532785 
           0  7.397300324     0.2580296921   0.002048635117 
           0  7.577722283      0.805604377   0.002530162282 
           0  7.758144242     0.4644111581   0.003025573262 
           0  7.938566201     0.3492625746   0.003502526371 
           0   8.11898816     0.2626855173   0.003925017607 
           0   8.29941012     0.8975646781   0.004257703764 
           0  8.479832079    0.01026554749   0.004470715569 

     0.15625            0     0.4550174397   0.004488932203 
     0.15625 0.1804219591     0.4394545435   0.004416490327 
     0.15625 0.3608439182     0.5004224244   0.004206081514 
     0.15625 0.5412658774     0.1846128025      0.003877468 
     0.15625 0.7216878365     0.5758279256   0.003460171062 
     0.15625 0.9021097956     0.6380563769   0.002989129077 
     0.15625  1.082531755     0.9343052934   0.002499947414 
     0.15625  1.262953714     0.6390973928   0.002024633438 
     0.15625  1.443375673     0.2759738737   0.001588502338 
     0.15625  1.623797632      0.757495703   0.001208599463 
     0.15625  1.804219591     0.7735052621  0.0008936191614 
     0.15625   1.98464155      0.911753519  0.0006450058957 
     0.15625  2.165063509      0.855504052  0.0004587603667 
     0.15625  2.345485469    0.05563648773  0.0003274534685 
     0.15625  2.525907428  0.0009378011343  0.0002420450538 
     0.15625  2.706329387     0.8275366861  0.0001932613414 
     0.15625  2.886751346      0.143296753  0.0001724506454 
     0.15625  3.067173305    0.08781002661  0.0001719711976 
     0.15625  3.247595264     0.4719512615  0.0001852459693 
     0.15625  3.428017223      0.129321977  0.0002066449194 
     0.15625  3.608439182     0.4965695218  0.0002313354525 
     0.15625  3.788861142     0.4786630923  0.0002551941128 
     0.15625  3.969283101    0.03099749837  0.0002748148801 
     0.15625   4.14970506     0.9156694706  0.0002875976775 
     0.15625  4.330127019     0.9373581218  0.0002918660565 
     0.15625  4.510548978     0.8860328529  0.0002875976775 
     0.15625  4.690970937    0.08755688012  0.0002748148801 
     0.15625  4.871392896     0.5580577716  0.0002551941128 
     0.15625  5.051814855     0.9091494659  0.0002313354525 
     0.15625  5.232236815      0.437703716  0.0002066449194 
     0.15625  5.412658774     0.7950480189  0.0001852459693 
     0.15625  5.593080733     0.9242175992  0.0001719711976 
     0.15625  5.773502692     0.5977173364  0.0001724506454 
     0.15625  5.953924651     0.2463662983  0.0001932613414 
     0.15625   6.13434661    0.03983777071  0.0002420450538 
     0.15625  6.314768569     0.7270302675  0.0003274534685 
     0.15625  6.495190528     0.2232982576  0.0004587603667 
     0.15625  6.675612488      0.963427237  0.0006450058957 
     0.15625  6.856034447     0.6982693645  0.0008936191614 
     0.15625  7.036456406     0.2703508986   0.001208599463 
     0.15625  7.216878365     0.9859702049   0.001588502338 
     0.15625  7.397300324     0.7127963967   0.002024633438 
     0.15625  7.577722283     0.6526585327   0.002499947414 
     0.15625  7.758144242     0.2497907458   0.002989129077 
     0.15625  7.938566201    0.09516327353   0.003460171062 
     0.15625   8.11898816     0.9731458549      0.003877468 
     0.15625   8.29941012     0.8386704088   0.004206081514 
     0.15625  8.479832079        0.1583743   0.004416490327 

      0.3125            0     0.1860712914    0.00432752764 
      0.3125 0.1804219591     0.2843739104   0.004257703764 
      0.3125 0.3608439182     0.1980740796   0.004054887406 
      0.3125 0.5412658774     0.1557149954   0.003738141994 
      0.3125 0.7216878365     0.9358511858   0.003335947782 
      0.3125 0.9021097956    0.05001010144   0.002882020979 
      0.3125  1.082531755     0.1599845753   0.002410741053 
      0.3125  1.262953714   0.008202934022   0.001953047175 
      0.3125  1.443375673    0.01995281667   0.001533463992 
      0.3125  1.623797632     0.5294983624   0.001168588268 
      0.3125  1.804219591       0.58339884  0.0008670143362 
      0.3125   1.98464155     0.9201882504  0.0006303918259 
      0.3125  2.165063509     0.5505584284  0.0004551516642 
      0.3125  2.345485469    0.06915546879  0.0003344179751 
      0.3125  2.525907428     0.3641402524  0.0002597165132 
      0.3125  2.706329387    0.09418602715   0.000222245214 
      0.3125  2.886751346     0.7278460684  0.0002136369763 
      0.3125  3.067173305     0.1039373293  0.0002262785207 
      0.3125  3.247595264    0.09928501307  0.0002533300519 
      0.3125  3.428017223     0.9699432016  0.0002886144089 
      0.3125  3.608439182      0.788523729  0.0003265205908 
      0.3125  3.788861142     0.4245793977  0.0003620117574 
      0.3125  3.969283101     0.4028092233  0.0003907613449 
      0.3125   4.14970506     0.3372742717  0.0004093809276 
      0.3125  4.330127019    0.05610305319  0.0004156638872 
      0.3125  4.510548978     0.7587284121  0.0004093809276 
      0.3125  4.690970937      0.520918487  0.0003907613449 
      0.3125  4.871392896     0.2562649756  0.0003620117574 
      0.3125  5.051814855     0.9521961272  0.0003265205908 
      0.3125  5.232236815     0.8218219731  0.0002886144089 
      0.3125  5.412658774     0.4583307768  0.0002533300519 
      0.3125  5.593080733     0.1966243223  0.0002262785207 
      0.3125  5.773502692     0.4784464941  0.0002136369763 
      0.3125  5.953924651      0.446659876   0.000222245214 
      0.3125   6.13434661     0.7501683138  0.0002597165132 
      0.3125  6.314768569     0.9342889606  0.0003344179751 
      0.3125  6.495190528     0.5898577346  0.0004551516642 
      0.3125  6.675612488     0.7245245157  0.0006303918259 
      0.3125  6.856034447     0.3771389642  0.0008670143362 
      0.3125  7.036456406     0.6843738353   0.001168588268 
      0.3125  7.216878365     0.9968865162   0.001533463992 
      0.3125  7.397300324     0.3226188218   0.001953047175 
      0.3125  7.577722283     0.4662697017   0.002410741053 
      0.3125  7.758144242     0.2819576366   0.002882020979 
      0.3125  7.938566201     0.8000675853   0.003335947782 
      0.3125   8.11898816     0.3327293363   0.003738141994 
      0.3125   8.29941012     0.1754703921   0.004054887406 
      0.3125  8.479832079     0.9522826787   0.004257703764 

     0.46875            0     0.2987703955   0.004071311278 
     0.46875 0.1804219591     0.5041379528   0.004005639858 
     0.46875 0.3608439182     0.1786131749   0.003814868983 
     0.46875 0.5412658774     0.8955254348   0.003516949763 
     0.46875 0.7216878365     0.8428059698   0.003138704677 
     0.46875 0.9021097956      0.787439265    0.00271190111 
     0.46875  1.082531755     0.3962057224   0.002268958595 
     0.46875  1.262953714     0.4646588878   0.001839099448 
     0.46875  1.443375673      0.254413828   0.001445562731 
     0.46875  1.623797632     0.4267808568   0.001104191014 
     0.46875  1.804219591     0.7726451725  0.0008233653957 
     0.46875   1.98464155     0.8197518003  0.0006049953095 
     0.46875  2.165063509     0.2232234396   0.000446121241 
     0.46875  2.345485469     0.7792457449  0.0003406722109 
     0.46875  2.525907428     0.2491118284  0.0002810105833 
     0.46875  2.706329387      0.455095129  0.0002590476764 
     0.46875  2.886751346     0.8260691884  0.0002668749327 
     0.46875  3.067173305    0.07341842688  0.0002969874002 
     0.46875  3.247595264     0.6053079862  0.0003422560861 
     0.46875  3.428017223     0.1007182628  0.0003958273801 
     0.46875  3.608439182     0.7970765954  0.0004510985998 
     0.46875  3.788861142     0.1992140191   0.000501855008 
     0.46875  3.969283101      0.188786925  0.0005425760042 
     0.46875   4.14970506     0.7088957979  0.0005688476766 
     0.46875  4.330127019      0.641963395  0.0005777730971 
     0.46875  4.510548978     0.3063697553  0.0005688476766 
     0.46875  4.690970937     0.1616159517  0.0005425760042 
     0.46875  4.871392896     0.9734592732   0.000501855008 
     0.46875  5.051814855     0.8848241338  0.0004510985998 
     0.46875  5.232236815      0.163854787  0.0003958273801 
     0.46875  5.412658774     0.5605629186  0.0003422560861 
     0.46875  5.593080733     0.5039915432  0.0002969874002 
     0.46875  5.773502692     0.6199748905  0.0002668749327 
     0.46875  5.953924651     0.2526896736  0.0002590476764 
     0.46875   6.13434661     0.2943244644  0.0002810105833 
     0.46875  6.314768569     0.9870005046  0.0003406722109 
     0.46875  6.495190528     0.8751593017   0.000446121241 
     0.46875  6.675612488     0.7949976724  0.0006049953095 
     0.46875  6.856034447     0.5172329458  0.0008233653957 
     0.46875  7.036456406     0.7154240893   0.001104191014 
     0.46875  7.216878365      0.739907839   0.001445562731 
     0.46875  7.397300324     0.2607009366   0.001839099448 
     0.46875  7.577722283      0.132141599   0.002268958595 
     0.46875  7.758144242     0.9581132002    0.00271190111 
     0.46875  7.938566201     0.9382665148   0.003138704677 
     0.46875   8.11898816     0.6509048172   0.003516949763 
     0.46875   8.29941012     0.8140639077   0.003814868983 
     0.46875  8.479832079     0.5684456535   0.004005639858 

       0.625            0     0.3009680342   0.003737891413 
       0.625 0.1804219591      0.032602263   0.003677623187 
       0.625 0.3608439182     0.6027040994   0.003502526371 
       0.625 0.5412658774     0.1355646605   0.003229104158 
       0.625 0.7216878365     0.2900080819   0.002882020979 
       0.625 0.9021097956     0.8512674608   0.002490506926 
       0.625  1.082531755    0.08695332635   0.002084429035 
       0.625  1.262953714     0.2828600752   0.001690772413 
       0.625  1.443375673     0.4936382839   0.001331098771 
       0.625  1.623797632     0.1338961761   0.001020263217 
       0.625  1.804219591     0.2801317197  0.0007663615623 
       0.625   1.98464155     0.6512827435  0.0005716319126 
       0.625  2.165063509    0.01868232713  0.0004338974864 
       0.625  2.345485469     0.5333203049  0.0003481242486 
       0.625  2.525907428     0.4472999304  0.0003077544341 
       0.625  2.706329387     0.5399572439  0.0003056226341 
       0.625  2.886751346     0.7021498835  0.0003344179751 
       0.625  3.067173305     0.3672161929  0.0003867854996 
       0.625  3.247595264     0.9192246787  0.0004552381727 
       0.625  3.428017223    0.05163928293  0.0005320695756 
       0.625  3.608439182     0.3312680534  0.0006094214252 
       0.625  3.788861142    0.01002306769   0.000679585069 
       0.625  3.969283101     0.6113480474  0.0007355243056 
       0.625   4.14970506     0.3619240463  0.0007715230541 
       0.625  4.330127019     0.5216537555  0.0007838077102 
       0.625  4.510548978     0.1296633428  0.0007715230541 
       0.625  4.690970937     0.8305398388  0.0007355243056 
       0.625  4.871392896     0.7891059367   0.000679585069 
       0.625  5.051814855     0.4544516399  0.0006094214252 
       0.625  5.232236815     0.3613167682  0.0005320695756 
       0.625  5.412658774      0.725207204  0.0004552381727 
       0.625  5.593080733     0.2771053247  0.0003867854996 
       0.625  5.773502692      0.403255827  0.0003344179751 
       0.625  5.953924651     0.9140755367  0.0003056226341 
       0.625   6.13434661     0.6395989251  0.0003077544341 
       0.625  6.314768569     0.4764378252  0.0003481242486 
       0.625  6.495190528     0.7590208757  0.0004338974864 
       0.625  6.675612488     0.7348167511  0.0005716319126 
       0.625  6.856034447      0.150419253  0.0007663615623 
       0.625  7.036456406     0.1621483936   0.001020263217 
       0.625  7.216878365     0.9814575412   0.001331098771 
       0.625  7.397300324     0.1128889175   0.001690772413 
       0.625  7.577722283     0.3149566472   0.002084429035 
       0.625  7.758144242     0.9977499285   0.002490506926 
       0.625  7.938566201     0.6916709598   0.002882020979 
       0.625   8.11898816     0.3248113344   0.003229104158 
       0.625   8.29941012      0.170402182   0.003502526371 
       0.625  8.479832079    0.07097570516   0.003677623187 

     0.78125            0     0.3025038354   0.003349017014 
     0.78125 0.1804219591      0.156725225   0.003295051991 
     0.78125 0.3608439182     0.8639015933   0.003138238885 
     0.78125 0.5412658774     0.2182608736   0.002893393351 
     0.78125 0.7216878365     0.6335310618    0.00258266492 
     0.78125 0.9021097956     0.8267836636    0.00223232784 
     0.78125  1.082531755     0.2881882472   0.001869277632 
     0.78125  1.262953714      0.187268923   0.001517898487 
     0.78125  1.443375673     0.3609059875    0.00119780793 
     0.78125  1.623797632    0.06595442597  0.0009227260384 
     0.78125  1.804219591     0.7394381733  0.0007004374581 
     0.78125   1.98464155     0.2959388412  0.0005335897121 
     0.78125  2.165063509     0.3488155401  0.0004209479949 
     0.78125  2.345485469     0.8609916917  0.0003587167059 
     0.78125  2.525907428     0.5013404599  0.0003416219895 
     0.78125  2.706329387     0.9757342403  0.0003635892962 
     0.78125  2.886751346     0.2144616566  0.0004180021555 
     0.78125  3.067173305      0.816520153  0.0004976555669 
     0.78125  3.247595264    0.06238772934  0.0005945942553 
     0.78125  3.428017223     0.9524856715  0.0007000411125 
     0.78125  3.608439182     0.8879940332  0.0008045768263 
     0.78125  3.788861142     0.6359874206   0.000898642658 
     0.78125  3.969283101     0.4633682766  0.0009733289174 
     0.78125   4.14970506     0.3395476169   0.001021311316 
     0.78125  4.330127019     0.3543878703   0.001037733863 
     0.78125  4.510548978     0.5289775704   0.001021311316 
     0.78125  4.690970937     0.1724697144  0.0009733289174 
     0.78125  4.871392896     0.5706185078   0.000898642658 
     0.78125  5.051814855     0.3643593206  0.0008045768263 
     0.78125  5.232236815     0.7255270593  0.0007000411125 
     0.78125  5.412658774     0.7359117404  0.0005945942553 
     0.78125  5.593080733     0.1702860379  0.0004976555669 
     0.78125  5.773502692     0.3650151205  0.0004180021555 
     0.78125  5.953924651     0.6369578608  0.0003635892962 
     0.78125   6.13434661     0.9789724685  0.0003416219895 
     0.78125  6.314768569     0.4030190523  0.0003587167059 
     0.78125  6.495190528     0.3400502061  0.0004209479949 
     0.78125  6.675612488     0.3372787318  0.0005335897121 
     0.78125  6.856034447     0.2228458509  0.0007004374581 
     0.78125  7.036456406     0.8751028291  0.0009227260384 
     0.78125  7.216878365     0.7056036443    0.00119780793 
     0.78125  7.397300324     0.9149472844   0.001517898487 
     0.78125  7.577722283     0.6902015028   0.001869277632 
     0.78125  7.758144242     0.7609334516    0.00223232784 
     0.78125  7.938566201    0.04256200248    0.00258266492 
     0.78125   8.11898816    0.08214416693   0.002893393351 
     0.78125   8.29941012     0.7872007162   0.003138238885 
     0.78125  8.479832079     0.6255862343   0.003295051991 

      0.9375            0     0.3358866834   0.002928241544 
      0.9375 0.1804219591     0.6233834751   0.002881099604 
      0.9375 0.3608439182     0.8345245439   0.002744075795 
      0.9375 0.5412658774     0.8147064605   0.002530162282 
      0.9375 0.7216878365     0.2695526821   0.002258791701 
      0.9375 0.9021097956     0.5829219872   0.001953047175 
      0.9375  1.082531755     0.4298187701    0.00163662041 
      0.9375  1.262953714     0.7981281569   0.001331098771 
      0.9375  1.443375673      0.254211191   0.001054021378 
      0.9375  1.623797632     0.9831146821  0.0008179148522 
      0.9375  1.804219591     0.4616925771  0.0006302720331 
      0.9375   1.98464155     0.4225961622  0.0004942377284 
      0.9375  2.165063509     0.2735336092  0.0004096568545 
      0.9375  2.345485469     0.4516553304  0.0003741342436 
      0.9375  2.525907428     0.1647107163  0.0003838361245 
      0.9375  2.706329387     0.3177073238  0.0004338974864 
      0.9375  2.886751346     0.5938606983  0.0005184476326 
      0.9375  3.067173305     0.9712439932  0.0006303918259 
      0.9375  3.247595264     0.6580064672  0.0007611627351 
      0.9375  3.428017223     0.1038802558   0.000900666481 
      0.9375  3.608439182     0.8408794703   0.001037593639 
      0.9375  3.788861142     0.8718696464   0.001160159474 
      0.9375  3.969283101    0.08530753453   0.001257206913 
      0.9375   4.14970506     0.7586828296   0.001319485354 
      0.9375  4.330127019     0.0604042099    0.00134084297 
      0.9375  4.510548978     0.9682661001   0.001319485354 
      0.9375  4.690970937    0.05730676697   0.001257206913 
      0.9375  4.871392896     0.8834562997   0.001160159474 
      0.9375  5.051814855     0.9829719319   0.001037593639 
      0.9375  5.232236815     0.8959668805   0.000900666481 
      0.9375  5.412658774    0.07048298235  0.0007611627351 
      0.9375  5.593080733     0.6200845986  0.0006303918259 
      0.9375  5.773502692     0.1217654478  0.0005184476326 
      0.9375  5.953924651    0.05429261872  0.0004338974864 
      0.9375   6.13434661     0.5187430831  0.0003838361245 
      0.9375  6.314768569      0.232427468  0.0003741342436 
      0.9375  6.495190528      0.521544367  0.0004096568545 
      0.9375  6.675612488      0.793064618  0.0004942377284 
      0.9375  6.856034447     0.2729488832  0.0006302720331 
      0.9375  7.036456406    0.02461219266  0.0008179148522 
      0.9375  7.216878365     0.5872125126   0.001054021378 
      0.9375  7.397300324     0.8488486279   0.001331098771 
      0.9375  7.577722283       0.22368308    0.00163662041 
      0.9375  7.758144242    0.07218646677   0.001953047175 
      0.9375  7.938566201     0.8198703995   0.002258791701 
      0.9375   8.11898816     0.2977757037   0.002530162282 
      0.9375   8.29941012     0.1406570104   0.002744075795 
      0.9375  8.479832079      0.457576411   0.002881099604 

     1.09375            0     0.4055704719    0.00249859666 
     1.09375 0.1804219591      0.933021407   0.002458425619 
     1.09375 0.3608439182     0.4353530002   0.002341616356 
     1.09375 0.5412658774      0.553974474   0.002159302649 
     1.09375 0.7216878365     0.5713266483   0.001928149126 
     1.09375 0.9021097956     0.5686609654   0.001667990772 
     1.09375  1.082531755     0.4170105973   0.001399264296 
     1.09375  1.262953714     0.3118797381   0.001140726154 
     1.09375  1.443375673     0.7105544434  0.0009078292701 
     1.09375  1.623797632     0.3437420708  0.0007119310891 
     1.09375  1.804219591     0.8033249551  0.0005602904664 
     1.09375   1.98464155     0.5106748071  0.0004566373389 
     1.09375  2.165063509     0.2326837607  0.0004020052903 
     1.09375  2.345485469     0.1521209415  0.0003955151952 
     1.09375  2.525907428      0.318741791  0.0004348761952 
     1.09375  2.706329387     0.1349112234  0.0005164999186 
     1.09375  2.886751346      0.120881981  0.0006352691898 
     1.09375  3.067173305     0.4042625947   0.000784127753 
     1.09375  3.247595264    0.00334355082  0.0009537330945 
     1.09375  3.428017223     0.9174672344   0.001132421266 
     1.09375  3.608439182    0.07506677647   0.001306666381 
     1.09375  3.788861142     0.1349384935   0.001462091335 
     1.09375  3.969283101     0.8801091516   0.001584930457 
     1.09375   4.14970506    0.03873095651    0.00166370088 
     1.09375  4.330127019     0.7581936433   0.001690749961 
     1.09375  4.510548978     0.5860150477    0.00166370088 
     1.09375  4.690970937     0.7761571679   0.001584930457 
     1.09375  4.871392896     0.0122702455   0.001462091335 
     1.09375  5.051814855     0.1809714781   0.001306666381 
     1.09375  5.232236815     0.9500570046   0.001132421266 
     1.09375  5.412658774     0.5837095892  0.0009537330945 
     1.09375  5.593080733     0.1207469221   0.000784127753 
     1.09375  5.773502692     0.6735016227  0.0006352691898 
     1.09375  5.953924651     0.0614327689  0.0005164999186 
     1.09375   6.13434661      0.427791892  0.0004348761952 
     1.09375  6.314768569      0.111974235  0.0003955151952 
     1.09375  6.495190528     0.5150889951  0.0004020052903 
     1.09375  6.675612488       0.26295881  0.0004566373389 
     1.09375  6.856034447     0.8214525961  0.0005602904664 
     1.09375  7.036456406      0.549906637  0.0007119310891 
     1.09375  7.216878365     0.1929593313  0.0009078292701 
     1.09375  7.397300324     0.7747869871   0.001140726154 
     1.09375  7.577722283      0.807515623   0.001399264296 
     1.09375  7.758144242     0.7859019963   0.001667990772 
     1.09375  7.938566201     0.5335872076   0.001928149126 
     1.09375   8.11898816      0.698512214   0.002159302649 
     1.09375   8.29941012    0.02210732822   0.002341616356 
     1.09375  8.479832079     0.1432021459   0.002458425619 

        1.25            0     0.2157979104    0.00208058935 
        1.25 0.1804219591     0.2742540066   0.002047205273 
        1.25 0.3608439182     0.8479056573    0.00195007294 
        1.25 0.5412658774     0.2117150249   0.001798522404 
        1.25 0.7216878365     0.7660289981   0.001606532785 
        1.25 0.9021097956      0.502217641    0.00139079145 
        1.25  1.082531755     0.3323576227   0.001168588268 
        1.25  1.262953714     0.5467018275  0.0009559558807 
        1.25  1.443375673     0.9261749348  0.0007663615623 
        1.25  1.623797632    0.02297122355  0.0006100857014 
        1.25  1.804219591     0.8519405767  0.0004942377284 
        1.25   1.98464155       0.20960154  0.0004232114569 
        1.25  2.165063509     0.5268407059  0.0003993023262 
        1.25  2.345485469     0.0182498493  0.0004232114569 
        1.25  2.525907428     0.3612805178  0.0004942377284 
        1.25  2.706329387     0.1953747659  0.0006100857014 
        1.25  2.886751346     0.7996468552  0.0007663615623 
        1.25  3.067173305     0.5785055356  0.0009559558807 
        1.25  3.247595264     0.5538249568   0.001168588268 
        1.25  3.428017223     0.2849787022    0.00139079145 
        1.25  3.608439182     0.7300350046   0.001606532785 
        1.25  3.788861142     0.9951909295   0.001798522404 
        1.25  3.969283101     0.8443699978    0.00195007294 
        1.25   4.14970506     0.1997319771   0.002047205273 
        1.25  4.330127019     0.3949140115    0.00208058935 
        1.25  4.510548978     0.1818712362   0.002047205273 
        1.25  4.690970937     0.2483776129    0.00195007294 
        1.25  4.871392896     0.1839427539   0.001798522404 
        1.25  5.051814855     0.3528698891   0.001606532785 
        1.25  5.232236815     0.3883898653    0.00139079145 
        1.25  5.412658774     0.7698320342   0.001168588268 
        1.25  5.593080733     0.4006481554  0.0009559558807 
        1.25  5.773502692     0.7511385652  0.0007663615623 
        1.25  5.953924651     0.8381614173  0.0006100857014 
        1.25   6.13434661     0.4724625487  0.0004942377284 
        1.25  6.314768569     0.6231597512  0.0004232114569 
        1.25  6.495190528    0.03193910361  0.0003993023262 
        1.25  6.675612488     0.9604010939  0.0004232114569 
        1.25  6.856034447    0.05928705811  0.0004942377284 
        1.25  7.036456406      0.424098401  0.0006100857014 
        1.25  7.216878365     0.5377156694  0.0007663615623 
        1.25  7.397300324     0.8063972635  0.0009559558807 
        1.25  7.577722283     0.5783766616   0.001168588268 
        1.25  7.758144242     0.5110650763    0.00139079145 
        1.25  7.938566201     0.1705358639   0.001606532785 
        1.25   8.11898816     0.8755338685   0.001798522404 
        1.25   8.29941012     0.9992774054    0.00195007294 
        1.25  8.479832079      0.913902227   0.002047205273 

     1.40625            0     0.2723959417   0.001690749961 
     1.40625 0.1804219591     0.8719137389    0.00166370088 
     1.40625 0.3608439182    0.06009979742   0.001584930457 
     1.40625 0.5412658774     0.9525852275   0.001462091335 
     1.40625 0.7216878365     0.5059499956   0.001306666381 
     1.40625 0.9021097956     0.2071512472   0.001132421266 
     1.40625  1.082531755     0.4776281144  0.0009537330945 
     1.40625  1.262953714     0.8130560173   0.000784127753 
     1.40625  1.443375673     0.5834216348  0.0006352691898 
     1.40625  1.623797632      0.254269244  0.0005164999186 
     1.40625  1.804219591     0.8741237435  0.0004348761952 
     1.40625   1.98464155     0.1610675394  0.0003955151952 
     1.40625  2.165063509     0.8216675094  0.0004020052903 
     1.40625  2.345485469     0.1877511641  0.0004566373389 
     1.40625  2.525907428    0.05228521596  0.0005602904664 
     1.40625  2.706329387     0.2191714311  0.0007119310891 
     1.40625  2.886751346     0.6925156232  0.0009078292701 
     1.40625  3.067173305     0.7589478771   0.001140726154 
     1.40625  3.247595264     0.3506063322   0.001399264296 
     1.40625  3.428017223     0.8014878475   0.001667990772 
     1.40625  3.608439182      0.128391901   0.001928149126 
     1.40625  3.788861142    0.01214260558   0.002159302649 
     1.40625  3.969283101     0.3582603169   0.002341616356 
     1.40625   4.14970506     0.2239801894   0.002458425619 
     1.40625  4.330127019     0.3096920071    0.00249859666 
     1.40625  4.510548978     0.3757545014   0.002458425619 
     1.40625  4.690970937     0.7892728677   0.002341616356 
     1.40625  4.871392896      0.741692619   0.002159302649 
     1.40625  5.051814855     0.7027674638   0.001928149126 
     1.40625  5.232236815     0.5632724248   0.001667990772 
     1.40625  5.412658774     0.4151321187   0.001399264296 
     1.40625  5.593080733     0.9468458621   0.001140726154 
     1.40625  5.773502692     0.2156484091  0.0009078292701 
     1.40625  5.953924651     0.4226440235  0.0007119310891 
     1.40625   6.13434661      0.942739167  0.0005602904664 
     1.40625  6.314768569    0.03110402936  0.0004566373389 
     1.40625  6.495190528      0.171786512  0.0004020052903 
     1.40625  6.675612488     0.5696627057  0.0003955151952 
     1.40625  6.856034447     0.6184517858  0.0004348761952 
     1.40625  7.036456406     0.8379855288  0.0005164999186 
     1.40625  7.216878365     0.1221399468  0.0006352691898 
     1.40625  7.397300324     0.5790053178   0.000784127753 
     1.40625  7.577722283      0.410411781  0.0009537330945 
     1.40625  7.758144242     0.6743742489   0.001132421266 
     1.40625  7.938566201     0.7064767534   0.001306666381 
     1.40625   8.11898816     0.4899304514   0.001462091335 
     1.40625   8.29941012     0.4306341676   0.001584930457 
     1.40625  8.479832079     0.9777136434    0.00166370088 

      1.5625            0     0.6903882334    0.00134084297 
      1.5625 0.1804219591     0.8918564104   0.001319485354 
      1.5625 0.3608439182     0.5065291955   0.001257206913 
      1.5625 0.5412658774     0.4506128215   0.001160159474 
      1.5625 0.7216878365     0.5356514411   0.001037593639 
      1.5625 0.9021097956     0.7471104232   0.000900666481 
      1.5625  1.082531755     0.2175629597  0.0007611627351 
      1.5625  1.262953714     0.2514763232  0.0006303918259 
      1.5625  1.443375673      0.173073481  0.0005184476326 
      1.5625  1.623797632     0.2830479475  0.0004338974864 
      1.5625  1.804219591     0.7749316467  0.0003838361245 
      1.5625   1.98464155     0.2645703534  0.0003741342436 
      1.5625  2.165063509     0.6804781121  0.0004096568545 
      1.5625  2.345485469     0.7439054496  0.0004942377284 
      1.5625  2.525907428     0.2617720901  0.0006302720331 
      1.5625  2.706329387     0.4289256698  0.0008179148522 
      1.5625  2.886751346     0.2696473244   0.001054021378 
      1.5625  3.067173305     0.1138589643   0.001331098771 
      1.5625  3.247595264     0.6270457568    0.00163662041 
      1.5625  3.428017223       0.91516818   0.001953047175 
      1.5625  3.608439182     0.5025742447   0.002258791701 
      1.5625  3.788861142    0.03100654915   0.002530162282 
      1.5625  3.969283101     0.5159802339   0.002744075795 
      1.5625   4.14970506     0.1227697812   0.002881099604 
      1.5625  4.330127019     0.6185357256   0.002928241544 
      1.5625  4.510548978     0.6461642635   0.002881099604 
      1.5625  4.690970937    0.08836857675   0.002744075795 
      1.5625  4.871392896     0.1991678213   0.002530162282 
      1.5625  5.051814855     0.5825631728   0.002258791701 
      1.5625  5.232236815     0.9543076269   0.001953047175 
      1.5625  5.412658774     0.2861102308    0.00163662041 
      1.5625  5.593080733     0.5010429228   0.001331098771 
      1.5625  5.773502692     0.5501593182   0.001054021378 
      1.5625  5.953924651     0.3496017853  0.0008179148522 
      1.5625   6.13434661      0.809540305  0.0006302720331 
      1.5625  6.314768569     0.1421040128  0.0004942377284 
      1.5625  6.495190528     0.9073012604  0.0004096568545 
      1.5625  6.675612488     0.2011906835  0.0003741342436 
      1.5625  6.856034447     0.3449553996  0.0003838361245 
      1.5625  7.036456406     0.6304505445  0.0004338974864 
      1.5625  7.216878365     0.4498242464  0.0005184476326 
      1.5625  7.397300324     0.0329161149  0.0006303918259 
      1.5625  7.577722283     0.1213867227  0.0007611627351 
      1.5625  7.758144242     0.6224492971   0.000900666481 
      1.5625  7.938566201     0.9427567028   0.001037593639 
      1.5625   8.11898816      0.988765596   0.001160159474 
      1.5625   8.29941012     0.1334871096   0.001257206913 
      1.5625  8.479832079     0.9427679362   0.001319485354 

     1.71875            0     0.1993472723   0.001037733863 
     1.71875 0.1804219591      0.920538881   0.001021311316 
     1.71875 0.3608439182    0.04843523417  0.0009733289174 
     1.71875 0.5412658774      0.930474704   0.000898642658 
     1.71875 0.7216878365     0.9556538593  0.0008045768263 
     1.71875 0.9021097956    0.01717937086  0.0007000411125 
     1.71875  1.082531755    0.03777573928  0.0005945942553 
     1.71875  1.262953714     0.8776419765  0.0004976555669 
     1.71875  1.443375673     0.6132121664  0.0004180021555 
     1.71875  1.623797632     0.9763081479  0.0003635892962 
     1.71875  1.804219591     0.4600057858  0.0003416219895 
     1.71875   1.98464155       0.65058718  0.0003587167059 
     1.71875  2.165063509      0.485934833  0.0004209479949 
     1.71875  2.345485469     0.0685795609  0.0005335897121 
     1.71875  2.525907428     0.1288647918  0.0007004374581 
     1.71875  2.706329387     0.9796516173  0.0009227260384 
     1.71875  2.886751346     0.8466527499    0.00119780793 
     1.71875  3.067173305     0.7683611439   0.001517898487 
     1.71875  3.247595264     0.6999141627   0.001869277632 
     1.71875  3.428017223     0.7777145833    0.00223232784 
     1.71875  3.608439182     0.7304698179    0.00258266492 
     1.71875  3.788861142     0.9659524797   0.002893393351 
     1.71875  3.969283101      0.630094708   0.003138238885 
     1.71875   4.14970506     0.2236640288   0.003295051991 
     1.71875  4.330127019     0.6388940649   0.003349017014 
     1.71875  4.510548978     0.5056840395   0.003295051991 
     1.71875  4.690970937    0.07472159388   0.003138238885 
     1.71875  4.871392896     0.1173622665   0.002893393351 
     1.71875  5.051814855     0.1829918208    0.00258266492 
     1.71875  5.232236815     0.3289786738    0.00223232784 
     1.71875  5.412658774     0.2912857404   0.001869277632 
     1.71875  5.593080733     0.8964668478   0.001517898487 
     1.71875  5.773502692     0.7267812568    0.00119780793 
     1.71875  5.953924651    0.02275589263  0.0009227260384 
     1.71875   6.13434661     0.2246219116  0.0007004374581 
     1.71875  6.314768569    0.07477684144  0.0005335897121 
     1.71875  6.495190528     0.9074034433  0.0004209479949 
     1.71875  6.675612488     0.7370509613  0.0003587167059 
     1.71875  6.856034447     0.9830452156  0.0003416219895 
     1.71875  7.036456406     0.9985295499  0.0003635892962 
     1.71875  7.216878365     0.6591918083  0.0004180021555 
     1.71875  7.397300324     0.3735307185  0.0004976555669 
     1.71875  7.577722283     0.6109760749  0.0005945942553 
     1.71875  7.758144242     0.7083933313  0.0007000411125 
     1.71875  7.938566201     0.7252292639  0.0008045768263 
     1.71875   8.11898816     0.5747441583   0.000898642658 
     1.71875   8.29941012     0.3904285828  0.0009733289174 
     1.71875  8.479832079     0.1471611419   0.001021311316 

       1.875            0     0.3132866642  0.0007838077102 
       1.875 0.1804219591      0.745035659  0.0007715230541 
       1.875 0.3608439182     0.3306204678  0.0007355243056 
       1.875 0.5412658774     0.5753368882   0.000679585069 
       1.875 0.7216878365     0.5034576604  0.0006094214252 
       1.875 0.9021097956     0.1239643229  0.0005320695756 
       1.875  1.082531755     0.8494958411  0.0004552381727 
       1.875  1.262953714     0.4855020844  0.0003867854996 
       1.875  1.443375673     0.1493176142  0.0003344179751 
       1.875  1.623797632     0.2353310066  0.0003056226341 
       1.875  1.804219591     0.8655675611  0.0003077544341 
       1.875   1.98464155     0.2370651329  0.0003481242486 
       1.875  2.165063509     0.2184829151  0.0004338974864 
       1.875  2.345485469     0.7866112709  0.0005716319126 
       1.875  2.525907428      0.277395706  0.0007663615623 
       1.875  2.706329387      0.924722583   0.001020263217 
       1.875  2.886751346     0.5363137049   0.001331098771 
       1.875  3.067173305     0.7918047314   0.001690772413 
       1.875  3.247595264     0.3140598691   0.002084429035 
       1.875  3.428017223    0.05194010166   0.002490506926 
       1.875  3.608439182      0.605049001   0.002882020979 
       1.875  3.788861142     0.6668327935   0.003229104158 
       1.875  3.969283101   0.009227365941   0.003502526371 
       1.875   4.14970506      0.667579945   0.003677623187 
       1.875  4.330127019     0.2918201321   0.003737891413 
       1.875  4.510548978     0.7559465723   0.003677623187 
       1.875  4.690970937     0.8624616276   0.003502526371 
       1.875  4.871392896      0.987571609   0.003229104158 
       1.875  5.051814855    0.03327555064   0.002882020979 
       1.875  5.232236815     0.6196894934   0.002490506926 
       1.875  5.412658774     0.4735716686   0.002084429035 
       1.875  5.593080733     0.5367470604   0.001690772413 
       1.875  5.773502692     0.3651212338   0.001331098771 
       1.875  5.953924651     0.4187062061   0.001020263217 
       1.875   6.13434661     0.8495017831  0.0007663615623 
       1.875  6.314768569     0.2969754183  0.0005716319126 
       1.875  6.495190528     0.8413635129  0.0004338974864 
       1.875  6.675612488    0.01216394611  0.0003481242486 
       1.875  6.856034447     0.9519418354  0.0003077544341 
       1.875  7.036456406     0.4154810306  0.0003056226341 
       1.875  7.216878365     0.2596319691  0.0003344179751 
       1.875  7.397300324     0.9204429148  0.0003867854996 
       1.875  7.577722283     0.7254562969  0.0004552381727 
       1.875  7.758144242     0.8242364756  0.0005320695756 
       1.875  7.938566201     0.1798463899  0.0006094214252 
       1.875   8.11898816     0.5680507034   0.000679585069 
       1.875   8.29941012     0.4643614573  0.0007355243056 
       1.875  8.479832079    0.04120893124  0.0007715230541 

     2.03125            0     0.5180926734  0.0005777730971 
     2.03125 0.1804219591     0.1985673994  0.0005688476766 
     2.03125 0.3608439182     0.4535944881  0.0005425760042 
     2.03125 0.5412658774     0.9113537768   0.000501855008 
     2.03125 0.7216878365     0.6589002117  0.0004510985998 
     2.03125 0.9021097956     0.8192190902  0.0003958273801 
     2.03125  1.082531755     0.6413566541  0.0003422560861 
     2.03125  1.262953714     0.7843669005  0.0002969874002 
     2.03125  1.443375673     0.9408845901  0.0002668749327 
     2.03125  1.623797632     0.6837717609  0.0002590476764 
     2.03125  1.804219591     0.1201463037  0.0002810105833 
     2.03125   1.98464155     0.2023553594  0.0003406722109 
     2.03125  2.165063509     0.2208961289   0.000446121241 
     2.03125  2.345485469     0.7797249853  0.0006049953095 
     2.03125  2.525907428     0.1135184262  0.0008233653957 
     2.03125  2.706329387     0.7234913961   0.001104191014 
     2.03125  2.886751346     0.9577177473   0.001445562731 
     2.03125  3.067173305    0.01944413633   0.001839099448 
     2.03125  3.247595264     0.1940321844   0.002268958595 
     2.03125  3.428017223     0.2663307475    0.00271190111 
     2.03125  3.608439182     0.1414971109   0.003138704677 
     2.03125  3.788861142    0.07292550694   0.003516949763 
     2.03125  3.969283101     0.7807389056   0.003814868983 
     2.03125   4.14970506     0.6838027284   0.004005639858 
     2.03125  4.330127019     0.7608328244   0.004071311278 
     2.03125  4.510548978     0.7826499882   0.004005639858 
     2.03125  4.690970937     0.4405516891   0.003814868983 
     2.03125  4.871392896     0.4741939437   0.003516949763 
     2.03125  5.051814855     0.6925500019   0.003138704677 
     2.03125  5.232236815     0.5864539751    0.00271190111 
     2.03125  5.412658774     0.8961343674   0.002268958595 
     2.03125  5.593080733     0.1149318831   0.001839099448 
     2.03125  5.773502692     0.4636317326   0.001445562731 
     2.03125  5.953924651     0.9503980361   0.001104191014 
     2.03125   6.13434661      0.897841397  0.0008233653957 
     2.03125  6.314768569     0.8298945468  0.0006049953095 
     2.03125  6.495190528     0.3196755338   0.000446121241 
     2.03125  6.675612488     0.6162321446  0.0003406722109 
     2.03125  6.856034447     0.9838094421  0.0002810105833 
     2.03125  7.036456406     0.7786180985  0.0002590476764 
     2.03125  7.216878365      0.834715837  0.0002668749327 
     2.03125  7.397300324     0.8793900619  0.0002969874002 
     2.03125  7.577722283     0.5282368607  0.0003422560861 
     2.03125  7.758144242     0.3407194246  0.0003958273801 
     2.03125  7.938566201     0.8654429654  0.0004510985998 
     2.03125   8.11898816     0.9812429141   0.000501855008 
     2.03125   8.29941012    0.08361853404  0.0005425760042 
     2.03125  8.479832079     0.4086174333  0.0005688476766 

      2.1875            0      0.248518199  0.0004156638872 
      2.1875 0.1804219591     0.5667663301  0.0004093809276 
      2.1875 0.3608439182     0.2281597296  0.0003907613449 
      2.1875 0.5412658774     0.7431553041  0.0003620117574 
      2.1875 0.7216878365     0.0159373642  0.0003265205908 
      2.1875 0.9021097956    0.05314176128  0.0002886144089 
      2.1875  1.082531755     0.4808168904  0.0002533300519 
      2.1875  1.262953714     0.6602894801  0.0002262785207 
      2.1875  1.443375673     0.9785976998  0.0002136369763 
      2.1875  1.623797632     0.1214896331   0.000222245214 
      2.1875  1.804219591       0.65405693  0.0002597165132 
      2.1875   1.98464155     0.1937865942  0.0003344179751 
      2.1875  2.165063509     0.4097708918  0.0004551516642 
      2.1875  2.345485469     0.6879660292  0.0006303918259 
      2.1875  2.525907428     0.4699973366  0.0008670143362 
      2.1875  2.706329387     0.8417486044   0.001168588268 
      2.1875  2.886751346     0.9392660159   0.001533463992 
      2.1875  3.067173305     0.9959612144   0.001953047175 
      2.1875  3.247595264      0.959738441   0.002410741053 
      2.1875  3.428017223     0.6589586766   0.002882020979 
      2.1875  3.608439182     0.2665989566   0.003335947782 
      2.1875  3.788861142     0.4506102684   0.003738141994 
      2.1875  3.969283101     0.6397176858   0.004054887406 
      2.1875   4.14970506    0.02133305537   0.004257703764 
      2.1875  4.330127019     0.5487355942    0.00432752764 
      2.1875  4.510548978     0.8602231474   0.004257703764 
      2.1875  4.690970937     0.5181544396   0.004054887406 
      2.1875  4.871392896     0.8750142843   0.003738141994 
      2.1875  5.051814855     0.4595620306   0.003335947782 
      2.1875  5.232236815     0.4695425935   0.002882020979 
      2.1875  5.412658774     0.6313628895   0.002410741053 
      2.1875  5.593080733     0.7276479127   0.001953047175 
      2.1875  5.773502692     0.4163309155   0.001533463992 
      2.1875  5.953924651     0.6442165209   0.001168588268 
      2.1875   6.13434661    0.08656171025  0.0008670143362 
      2.1875  6.314768569     0.6873524175  0.0006303918259 
      2.1875  6.495190528     0.6540405703  0.0004551516642 
      2.1875  6.675612488     0.2964115997  0.0003344179751 
      2.1875  6.856034447     0.9189470228  0.0002597165132 
      2.1875  7.036456406     0.1649850628   0.000222245214 
      2.1875  7.216878365      0.625091578  0.0002136369763 
      2.1875  7.397300324     0.9821922501  0.0002262785207 
      2.1875  7.577722283     0.1129206328  0.0002533300519 
      2.1875  7.758144242     0.7792678115  0.0002886144089 
      2.1875  7.938566201     0.2877050386  0.0003265205908 
      2.1875   8.11898816     0.8356779412  0.0003620117574 
      2.1875   8.29941012     0.7530372327  0.0003907613449 
      2.1875  8.479832079    0.08722147597  0.0004093809276 

     2.34375            0     0.2109762576  0.0002918660565 
     2.34375 0.1804219591     0.3444423223  0.0002875976775 
     2.34375 0.3608439182      0.923801491  0.0002748148801 
     2.34375 0.5412658774      0.458280971  0.0002551941128 
     2.34375 0.7216878365     0.3383724067  0.0002313354525 
     2.34375 0.9021097956     0.6385870599  0.0002066449194 
     2.34375  1.082531755     0.4317664544  0.0001852459693 
     2.34375  1.262953714     0.3156151457  0.0001719711976 
     2.34375  1.443375673     0.8115653904  0.0001724506454 
     2.34375  1.623797632      0.692871077  0.0001932613414 
     2.34375  1.804219591     0.1805659682  0.0002420450538 
     2.34375   1.98464155     0.6664965723  0.0003274534685 
     2.34375  2.165063509     0.4664250619  0.0004587603667 
     2.34375  2.345485469     0.8173099118  0.0006450058957 
     2.34375  2.525907428     0.6787336673  0.0008936191614 
     2.34375  2.706329387     0.4443345795   0.001208599463 
     2.34375  2.886751346      0.912955108   0.001588502338 
     2.34375  3.067173305     0.3405025396   0.002024633438 
     2.34375  3.247595264     0.2456577544   0.002499947414 
     2.34375  3.428017223     0.1101298456   0.002989129077 
     2.34375  3.608439182   0.001367517334   0.003460171062 
     2.34375  3.788861142     0.8231276022      0.003877468 
     2.34375  3.969283101     0.8611640132   0.004206081514 
     2.34375   4.14970506     0.7226906879   0.004416490327 
     2.34375  4.330127019     0.5384460392   0.004488932203 
     2.34375  4.510548978     0.8127971533   0.004416490327 
     2.34375  4.690970937     0.1210155943   0.004206081514 
     2.34375  4.871392896      0.234111531      0.003877468 
     2.34375  5.051814855     0.7533901423   0.003460171062 
     2.34375  5.232236815      0.513962678   0.002989129077 
     2.34375  5.412658774     0.3387078852   0.002499947414 
     2.34375  5.593080733     0.9094622584   0.002024633438 
     2.34375  5.773502692     0.4685866348   0.001588502338 
     2.34375  5.953924651    0.07823155929   0.001208599463 
     2.34375   6.13434661     0.9963536863  0.0008936191614 
     2.34375  6.314768569     0.8272626507  0.0006450058957 
     2.34375  6.495190528     0.5807715488  0.0004587603667 
     2.34375  6.675612488      0.884921675  0.0003274534685 
     2.34375  6.856034447     0.4011404458  0.0002420450538 
     2.34375  7.036456406     0.1438240427  0.0001932613414 
     2.34375  7.216878365     0.3238924878  0.0001724506454 
     2.34375  7.397300324     0.9479688529  0.0001719711976 
     2.34375  7.577722283      0.675662927  0.0001852459693 
     2.34375  7.758144242     0.8359870534  0.0002066449194 
     2.34375  7.938566201     0.3057293115  0.0002313354525 
     2.34375   8.11898816     0.5562232346  0.0002551941128 
     2.34375   8.29941012     0.7659688406  0.0002748148801 
     2.34375  8.479832079     0.1293295642  0.0002875976775 

         2.5            0     0.1286388916  0.0002000365805 
         2.5 0.1804219591      0.494917786  0.0001972561726 
         2.5 0.3608439182     0.9858128096  0.0001887899504 
         2.5 0.5412658774    0.05502860969  0.0001759154406 
         2.5 0.7216878365      0.969824564  0.0001606381101 
         2.5 0.9021097956     0.6916612033  0.0001456647538 
         2.5  1.082531755     0.2494699916  0.0001344151708 
         2.5  1.262953714     0.6616599639  0.0001311047933 
         2.5  1.443375673     0.7827659384  0.0001409002472 
         2.5  1.623797632     0.8079474775  0.0001701046131 
         2.5  1.804219591     0.9698548955  0.0002262785207 
         2.5   1.98464155    0.08046204599  0.0003181610734 
         2.5  2.165063509     0.1793748802  0.0004552381727 
         2.5  2.345485469     0.2578092965  0.0006468321043 
         2.5  2.525907428     0.7844862275   0.000900666481 
         2.5  2.706329387      0.198815981   0.001220993218 
         2.5  2.886751346     0.4055568694   0.001606532785 
         2.5  3.067173305     0.2996737349   0.002048635117 
         2.5  3.247595264     0.1699601314   0.002530162282 
         2.5  3.428017223     0.4758133036   0.003025573262 
         2.5  3.608439182     0.5083886226   0.003502526371 
         2.5  3.788861142     0.2096607588   0.003925017607 
         2.5  3.969283101     0.5101430864   0.004257703764 
         2.5   4.14970506     0.5964452618   0.004470715569 
         2.5  4.330127019      0.510530033   0.004544056462 
         2.5  4.510548978      0.820838475   0.004470715569 
         2.5  4.690970937     0.2148084516   0.004257703764 
         2.5  4.871392896     0.1455312074   0.003925017607 
         2.5  5.051814855     0.3545673201   0.003502526371 
         2.5  5.232236815     0.1395536559   0.003025573262 
         2.5  5.412658774     0.9485045077   0.002530162282 
         2.5  5.593080733    0.07790751013   0.002048635117 
         2.5  5.773502692     0.8965033748   0.001606532785 
         2.5  5.953924651     0.1593222594   0.001220993218 
         2.5   6.13434661     0.3019297786   0.000900666481 
         2.5  6.314768569     0.7448913361  0.0006468321043 
         2.5  6.495190528     0.5099617807  0.0004552381727 
         2.5  6.675612488     0.2530406563  0.0003181610734 
         2.5  6.856034447     0.2373108932  0.0002262785207 
         2.5  7.036456406     0.2267417983  0.0001701046131 
         2.5  7.216878365     0.9620987753  0.0001409002472 
         2.5  7.397300324     0.4312625552  0.0001311047933 
         2.5  7.577722283     0.5476163702  0.0001344151708 
         2.5  7.758144242     0.4798687981  0.0001456647538 
         2.5  7.938566201     0.4991992395  0.0001606381101 
         2.5   8.11898816     0.8795252148  0.0001759154406 
         2.5   8.29941012   0.006857005254  0.0001887899504 
         2.5  8.479832079    0.05402576908  0.0001972561726 

     2.65625            0   0.004102209953  0.0002918660565 
     2.65625 0.1804219591     0.5251181578  0.0002875976775 
     2.65625 0.3608439182     0.2355033455  0.0002748148801 
     2.65625 0.5412658774     0.8569966382  0.0002551941128 
     2.65625 0.7216878365     0.6863064042  0.0002313354525 
     2.65625 0.9021097956     0.8847983698  0.0002066449194 
     2.65625  1.082531755     0.3051913517  0.0001852459693 
     2.65625  1.262953714     0.7884163434  0.0001719711976 
     2.65625  1.443375673     0.7142344337  0.0001724506454 
     2.65625  1.623797632     0.9288241649  0.0001932613414 
     2.65625  1.804219591      0.471652808  0.0002420450538 
     2.65625   1.98464155     0.4625584785  0.0003274534685 
     2.65625  2.165063509     0.8790637033  0.0004587603667 
     2.65625  2.345485469     0.3917303025  0.0006450058957 
     2.65625  2.525907428     0.7053006105  0.0008936191614 
     2.65625  2.706329387     0.1884902602   0.001208599463 
     2.65625  2.886751346      0.919983744   0.001588502338 
     2.65625  3.067173305     0.1592090549   0.002024633438 
     2.65625  3.247595264     0.2177538623   0.002499947414 
     2.65625  3.428017223     0.0919181396   0.002989129077 
     2.65625  3.608439182     0.8079112425   0.003460171062 
     2.65625  3.788861142   0.000546653573      0.003877468 
     2.65625  3.969283101     0.9855485172   0.004206081514 
     2.65625   4.14970506     0.6945762881   0.004416490327 
     2.65625  4.330127019     0.7691976644   0.004488932203 
     2.65625  4.510548978     0.4787564137   0.004416490327 
     2.65625  4.690970937     0.1969656248   0.004206081514 
     2.65625  4.871392896     0.5226163597      0.003877468 
     2.65625  5.051814855     0.9074462394   0.003460171062 
     2.65625  5.232236815    0.02276965433   0.002989129077 
     2.65625  5.412658774     0.7579337491   0.002499947414 
     2.65625  5.593080733     0.5304241467   0.002024633438 
     2.65625  5.773502692     0.1208475018   0.001588502338 
     2.65625  5.953924651     0.7429003959   0.001208599463 
     2.65625   6.13434661     0.5000905017  0.0008936191614 
     2.65625  6.314768569      0.140636995  0.0006450058957 
     2.65625  6.495190528     0.6853652412  0.0004587603667 
     2.65625  6.675612488     0.9773603705  0.0003274534685 
     2.65625  6.856034447    0.04050786507  0.0002420450538 
     2.65625  7.036456406     0.4296329044  0.0001932613414 
     2.65625  7.216878365     0.7360393889  0.0001724506454 
     2.65625  7.397300324     0.4091145892  0.0001719711976 
     2.65625  7.577722283      0.287517865  0.0001852459693 
     2.65625  7.758144242     0.1713470487  0.0002066449194 
     2.65625  7.938566201     0.1264261938  0.0002313354525 
     2.65625   8.11898816     0.5670218506  0.0002551941128 
     2.65625   8.29941012      0.820879543  0.0002748148801 
     2.65625  8.479832079     0.5188397851  0.0002875976775 

      2.8125            0     0.3632272087  0.0004156638872 
      2.8125 0.1804219591     0.4667958249  0.0004093809276 
      2.8125 0.3608439182     0.3540723643  0.0003907613449 
      2.8125 0.5412658774     0.1450175449  0.0003620117574 
      2.8125 0.7216878365    0.09075607329  0.0003265205908 
      2.8125 0.9021097956      0.290376878  0.0002886144089 
      2.8125  1.082531755     0.7118076239  0.0002533300519 
      2.8125  1.262953714     0.4525142968  0.0002262785207 
      2.8125  1.443375673     0.5525221665  0.0002136369763 
      2.8125  1.623797632     0.6354858791   0.000222245214 
      2.8125  1.804219591     0.4938376622  0.0002597165132 
      2.8125   1.98464155    0.08227142725  0.0003344179751 
      2.8125  2.165063509      0.941460433  0.0004551516642 
      2.8125  2.345485469     0.2284323571  0.0006303918259 
      2.8125  2.525907428     0.2081714332  0.0008670143362 
      2.8125  2.706329387     0.6912619188   0.001168588268 
      2.8125  2.886751346     0.7893427923   0.001533463992 
      2.8125  3.067173305     0.8145019168   0.001953047175 
      2.8125  3.247595264     0.4334980604   0.002410741053 
      2.8125  3.428017223       0.14759382   0.002882020979 
      2.8125  3.608439182     0.8038378829   0.003335947782 
      2.8125  3.788861142     0.4443364936   0.003738141994 
      2.8125  3.969283101     0.7167823906   0.004054887406 
      2.8125   4.14970506     0.4835019453   0.004257703764 
      2.8125  4.330127019     0.7698552052    0.00432752764 
      2.8125  4.510548978     0.2978973326   0.004257703764 
      2.8125  4.690970937     0.5808616053   0.004054887406 
      2.8125  4.871392896     0.7318078696   0.003738141994 
      2.8125  5.051814855     0.7751031064   0.003335947782 
      2.8125  5.232236815     0.2454468333   0.002882020979 
      2.8125  5.412658774     0.9541612345   0.002410741053 
      2.8125  5.593080733     0.6118673356   0.001953047175 
      2.8125  5.773502692      0.838792204   0.001533463992 
      2.8125  5.953924651     0.4229040742   0.001168588268 
      2.8125   6.13434661     0.5834512544  0.0008670143362 
      2.8125  6.314768569     0.5074195739  0.0006303918259 
      2.8125  6.495190528     0.9046780148  0.0004551516642 
      2.8125  6.675612488     0.4044864441  0.0003344179751 
      2.8125  6.856034447     0.8643190136  0.0002597165132 
      2.8125  7.036456406      0.880578005   0.000222245214 
      2.8125  7.216878365     0.5922418419  0.0002136369763 
      2.8125  7.397300324     0.1099359301  0.0002262785207 
      2.8125  7.577722283     0.6801950746  0.0002533300519 
      2.8125  7.758144242     0.3082436218  0.0002886144089 
      2.8125  7.938566201     0.5795902169  0.0003265205908 
      2.8125   8.11898816     0.4383889446  0.0003620117574 
      2.8125   8.29941012     0.4489275114  0.0003907613449 
      2.8125  8.479832079     0.9273946669  0.0004093809276 

     2.96875            0      0.948040395  0.0005777730971 
     2.96875 0.1804219591     0.9968738332  0.0005688476766 
     2.96875 0.3608439182     0.3752643079  0.0005425760042 
     2.96875 0.5412658774     0.2848828815   0.000501855008 
     2.96875 0.7216878365     0.7879842043  0.0004510985998 
     2.96875 0.9021097956     0.1557753799  0.0003958273801 
     2.96875  1.082531755     0.3549448331  0.0003422560861 
     2.96875  1.262953714     0.1535790941  0.0002969874002 
     2.96875  1.443375673    0.02297556811  0.0002668749327 
     2.96875  1.623797632     0.9997143786  0.0002590476764 
     2.96875  1.804219591     0.1190545801  0.0002810105833 
     2.96875   1.98464155     0.4779712061  0.0003406722109 
     2.96875  2.165063509     0.2277489805   0.000446121241 
     2.96875  2.345485469     0.4670815135  0.0006049953095 
     2.96875  2.525907428     0.3684357305  0.0008233653957 
     2.96875  2.706329387     0.8455161163   0.001104191014 
     2.96875  2.886751346    0.05373676256   0.001445562731 
     2.96875  3.067173305     0.8430593012   0.001839099448 
     2.96875  3.247595264     0.3850548908   0.002268958595 
     2.96875  3.428017223     0.9290986233    0.00271190111 
     2.96875  3.608439182     0.3434952236   0.003138704677 
     2.96875  3.788861142     0.6457472678   0.003516949763 
     2.96875  3.969283101     0.7836093055   0.003814868983 
     2.96875   4.14970506     0.6372528878   0.004005639858 
     2.96875  4.330127019     0.9380969515   0.004071311278 
     2.96875  4.510548978     0.1912422578   0.004005639858 
     2.96875  4.690970937     0.4357170504   0.003814868983 
     2.96875  4.871392896     0.5151233539   0.003516949763 
     2.96875  5.051814855     0.7553433031   0.003138704677 
     2.96875  5.232236815     0.4157070991    0.00271190111 
     2.96875  5.412658774     0.8120140428   0.002268958595 
     2.96875  5.593080733     0.2586448174   0.001839099448 
     2.96875  5.773502692     0.9503656295   0.001445562731 
     2.96875  5.953924651     0.3941555514   0.001104191014 
     2.96875   6.13434661     0.3656979592  0.0008233653957 
     2.96875  6.314768569     0.1127089195  0.0006049953095 
     2.96875  6.495190528     0.3439033679   0.000446121241 
     2.96875  6.675612488     0.3499414786  0.0003406722109 
     2.96875  6.856034447     0.1706214214  0.0002810105833 
     2.96875  7.036456406     0.5233315027  0.0002590476764 
     2.96875  7.216878365      0.542639292  0.0002668749327 
     2.96875  7.397300324     0.7627841408  0.0002969874002 
     2.96875  7.577722283    0.01967330379  0.0003422560861 
     2.96875  7.758144242     0.5582957791  0.0003958273801 
     2.96875  7.938566201     0.2502955921  0.0004510985998 
     2.96875   8.11898816     0.2344873717   0.000501855008 
     2.96875   8.29941012     0.5863667155  0.0005425760042 
     2.96875  8.479832079    0.09865527305  0.0005688476766 

       3.125            0     0.1653138918  0.0007838077102 
       3.125 0.1804219591       0.91500359  0.0007715230541 
       3.125 0.3608439182     0.6779382418  0.0007355243056 
       3.125 0.5412658774     0.8965474643   0.000679585069 
       3.125 0.7216878365     0.4474532187  0.0006094214252 
       3.125 0.9021097956     0.7788781251  0.0005320695756 
       3.125  1.082531755     0.7080130659  0.0004552381727 
       3.125  1.262953714     0.6431087856  0.0003867854996 
       3.125  1.443375673      0.953088914  0.0003344179751 
       3.125  1.623797632     0.5065592153  0.0003056226341 
       3.125  1.804219591     0.8298549979  0.0003077544341 
       3.125   1.98464155     0.3696662654  0.0003481242486 
       3.125  2.165063509     0.2755130432  0.0004338974864 
       3.125  2.345485469     0.1209971697  0.0005716319126 
       3.125  2.525907428    0.03837747363  0.0007663615623 
       3.125  2.706329387     0.1894124151   0.001020263217 
       3.125  2.886751346      0.443550528   0.001331098771 
       3.125  3.067173305     0.8599502431   0.001690772413 
       3.125  3.247595264     0.1110076407   0.002084429035 
       3.125  3.428017223     0.2033752116   0.002490506926 
       3.125  3.608439182     0.9991722297   0.002882020979 
       3.125  3.788861142     0.5558656314   0.003229104158 
       3.125  3.969283101      0.709098117   0.003502526371 
       3.125   4.14970506    0.09003401552   0.003677623187 
       3.125  4.330127019     0.7091512262   0.003737891413 
       3.125  4.510548978     0.7635859082   0.003677623187 
       3.125  4.690970937     0.2573158926   0.003502526371 
       3.125  4.871392896      0.929278322   0.003229104158 
       3.125  5.051814855     0.9624018403   0.002882020979 
       3.125  5.232236815     0.8858688519   0.002490506926 
       3.125  5.412658774     0.2283379136   0.002084429035 
       3.125  5.593080733     0.3257595183   0.001690772413 
       3.125  5.773502692     0.4199451572   0.001331098771 
       3.125  5.953924651      0.844081388   0.001020263217 
       3.125   6.13434661     0.2566245491  0.0007663615623 
       3.125  6.314768569     0.4274902686  0.0005716319126 
       3.125  6.495190528     0.0176603935  0.0004338974864 
       3.125  6.675612488     0.4822375845  0.0003481242486 
       3.125  6.856034447     0.3331136263  0.0003077544341 
       3.125  7.036456406      0.825821014  0.0003056226341 
       3.125  7.216878365     0.7702855687  0.0003344179751 
       3.125  7.397300324     0.1545375447  0.0003867854996 
       3.125  7.577722283     0.2917175976  0.0004552381727 
       3.125  7.758144242     0.9816094548  0.0005320695756 
       3.125  7.938566201     0.7311525456  0.0006094214252 
       3.125   8.11898816     0.9056295709   0.000679585069 
       3.125   8.29941012     0.1151400438  0.0007355243056 
       3.125  8.479832079      0.944515352  0.0007715230541 

     3.28125            0    0.09175069138   0.001037733863 
     3.28125 0.1804219591     0.5114604442   0.001021311316 
     3.28125 0.3608439182     0.3628486169  0.0009733289174 
     3.28125 0.5412658774     0.3830693478   0.000898642658 
     3.28125 0.7216878365      0.263751413  0.0008045768263 
     3.28125 0.9021097956     0.7955581014  0.0007000411125 
     3.28125  1.082531755     0.8172596449  0.0005945942553 
     3.28125  1.262953714     0.8216812387  0.0004976555669 
     3.28125  1.443375673     0.7004337782  0.0004180021555 
     3.28125  1.623797632     0.1444661832  0.0003635892962 
     3.28125  1.804219591     0.1650752517  0.0003416219895 
     3.28125   1.98464155     0.8560262366  0.0003587167059 
     3.28125  2.165063509     0.8117789644  0.0004209479949 
     3.28125  2.345485469     0.4802057422  0.0005335897121 
     3.28125  2.525907428     0.7837399251  0.0007004374581 
     3.28125  2.706329387     0.1444704372  0.0009227260384 
     3.28125  2.886751346     0.5185172913    0.00119780793 
     3.28125  3.067173305     0.5547327093   0.001517898487 
     3.28125  3.247595264     0.2079305708   0.001869277632 
     3.28125  3.428017223     0.2398134768    0.00223232784 
     3.28125  3.608439182    0.09042182656    0.00258266492 
     3.28125  3.788861142     0.7887699995   0.002893393351 
     3.28125  3.969283101     0.9887737057   0.003138238885 
     3.28125   4.14970506     0.5592431963   0.003295051991 
     3.28125  4.330127019     0.2888116187   0.003349017014 
     3.28125  4.510548978      0.483162185   0.003295051991 
     3.28125  4.690970937     0.9329606333   0.003138238885 
     3.28125  4.871392896     0.5535047271   0.002893393351 
     3.28125  5.051814855      0.421258773    0.00258266492 
     3.28125  5.232236815     0.1462103079    0.00223232784 
     3.28125  5.412658774     0.6906834586   0.001869277632 
     3.28125  5.593080733     0.9297075577   0.001517898487 
     3.28125  5.773502692      0.602366321    0.00119780793 
     3.28125  5.953924651     0.1253165144  0.0009227260384 
     3.28125   6.13434661     0.4970659036  0.0007004374581 
     3.28125  6.314768569     0.2879526595  0.0005335897121 
     3.28125  6.495190528     0.9107517278  0.0004209479949 
     3.28125  6.675612488     0.3678695467  0.0003587167059 
     3.28125  6.856034447    0.05171494429  0.0003416219895 
     3.28125  7.036456406     0.9363668656  0.0003635892962 
     3.28125  7.216878365     0.6959098062  0.0004180021555 
     3.28125  7.397300324      0.638099479  0.0004976555669 
     3.28125  7.577722283    0.06002124583  0.0005945942553 
     3.28125  7.758144242     0.6834272156  0.0007000411125 
     3.28125  7.938566201     0.9291855496  0.0008045768263 
     3.28125   8.11898816     0.7350717147   0.000898642658 
     3.28125   8.29941012     0.3987035092  0.0009733289174 
     3.28125  8.479832079     0.3923009845   0.001021311316 

      3.4375            0     0.4065106257    0.00134084297 
      3.4375 0.1804219591     0.5951560727   0.001319485354 
      3.4375 0.3608439182      0.540758923   0.001257206913 
      3.4375 0.5412658774     0.5668708138   0.001160159474 
      3.4375 0.7216878365    0.08060966008   0.001037593639 
      3.4375 0.9021097956     0.4049890649   0.000900666481 
      3.4375  1.082531755     0.8844492915  0.0007611627351 
      3.4375  1.262953714     0.1352958209  0.0006303918259 
      3.4375  1.443375673     0.7642526549  0.0005184476326 
      3.4375  1.623797632     0.6767654541  0.0004338974864 
      3.4375  1.804219591     0.3540840389  0.0003838361245 
      3.4375   1.98464155     0.5900542715  0.0003741342436 
      3.4375  2.165063509    0.03655049519  0.0004096568545 
      3.4375  2.345485469     0.3454734948  0.0004942377284 
      3.4375  2.525907428    0.01105724873  0.0006302720331 
      3.4375  2.706329387     0.9763620608  0.0008179148522 
      3.4375  2.886751346     0.5429894104   0.001054021378 
      3.4375  3.067173305     0.1596466085   0.001331098771 
      3.4375  3.247595264    0.05415381972    0.00163662041 
      3.4375  3.428017223     0.3694882548   0.001953047175 
      3.4375  3.608439182     0.9539963132   0.002258791701 
      3.4375  3.788861142     0.3316136883   0.002530162282 
      3.4375  3.969283101    0.04603809429   0.002744075795 
      3.4375   4.14970506     0.1270486015   0.002881099604 
      3.4375  4.330127019     0.2436702354   0.002928241544 
      3.4375  4.510548978     0.4449273909   0.002881099604 
      3.4375  4.690970937     0.8275511021   0.002744075795 
      3.4375  4.871392896      0.906729777   0.002530162282 
      3.4375  5.051814855     0.2956661127   0.002258791701 
      3.4375  5.232236815     0.9021938674   0.001953047175 
      3.4375  5.412658774     0.7084176681    0.00163662041 
      3.4375  5.593080733     0.8572042043   0.001331098771 
      3.4375  5.773502692      0.100782768   0.001054021378 
      3.4375  5.953924651    0.07713402316  0.0008179148522 
      3.4375   6.13434661     0.4612247803  0.0006302720331 
      3.4375  6.314768569      0.795113579  0.0004942377284 
      3.4375  6.495190528     0.9475756934  0.0004096568545 
      3.4375  6.675612488     0.5643486631  0.0003741342436 
      3.4375  6.856034447     0.1167149637  0.0003838361245 
      3.4375  7.036456406     0.9332597371  0.0004338974864 
      3.4375  7.216878365     0.7199727153  0.0005184476326 
      3.4375  7.397300324     0.4567653648  0.0006303918259 
      3.4375  7.577722283     0.9683106603  0.0007611627351 
      3.4375  7.758144242     0.8352612333   0.000900666481 
      3.4375  7.938566201     0.7087472469   0.001037593639 
      3.4375   8.11898816     0.3961321805   0.001160159474 
      3.4375   8.29941012     0.2208010483   0.001257206913 
      3.4375  8.479832079     0.6506616452   0.001319485354 

     3.59375            0     0.7915155332   0.001690749961 
     3.59375 0.1804219591     0.6722253442    0.00166370088 
     3.59375 0.3608439182     0.4882491333   0.001584930457 
     3.59375 0.5412658774     0.4556219868   0.001462091335 
     3.59375 0.7216878365     0.6577888259   0.001306666381 
     3.59375 0.9021097956     0.3929393673   0.001132421266 
     3.59375  1.082531755     0.5021425555  0.0009537330945 
     3.59375  1.262953714     0.8980362671   0.000784127753 
     3.59375  1.443375673    0.05604037807  0.0006352691898 
     3.59375  1.623797632      0.102257364  0.0005164999186 
     3.59375  1.804219591     0.4737313042  0.0004348761952 
     3.59375   1.98464155     0.4979728452  0.0003955151952 
     3.59375  2.165063509     0.8544293796  0.0004020052903 
     3.59375  2.345485469     0.6230634858  0.0004566373389 
     3.59375  2.525907428     0.1241263487  0.0005602904664 
     3.59375  2.706329387     0.3878118848  0.0007119310891 
     3.59375  2.886751346     0.7627338335  0.0009078292701 
     3.59375  3.067173305     0.6626007503   0.001140726154 
     3.59375  3.247595264     0.2803026122   0.001399264296 
     3.59375  3.428017223     0.6241131211   0.001667990772 
     3.59375  3.608439182     0.5878266152   0.001928149126 
     3.59375  3.788861142     0.1429933781   0.002159302649 
     3.59375  3.969283101     0.2150175757   0.002341616356 
     3.59375   4.14970506     0.2797364257   0.002458425619 
     3.59375  4.330127019     0.1104577254    0.00249859666 
     3.59375  4.510548978     0.4780349616   0.002458425619 
     3.59375  4.690970937     0.6768070232   0.002341616356 
     3.59375  4.871392896     0.9225976786   0.002159302649 
     3.59375  5.051814855     0.7346882696   0.001928149126 
     3.59375  5.232236815     0.9962263199   0.001667990772 
     3.59375  5.412658774     0.6962693012   0.001399264296 
     3.59375  5.593080733     0.2474502684   0.001140726154 
     3.59375  5.773502692    0.06835008645  0.0009078292701 
     3.59375  5.953924651     0.9673098705  0.0007119310891 
     3.59375   6.13434661     0.7042814518  0.0005602904664 
     3.59375  6.314768569     0.1088656008  0.0004566373389 
     3.59375  6.495190528      0.678425516  0.0004020052903 
     3.59375  6.675612488     0.7423900519  0.0003955151952 
     3.59375  6.856034447     0.4934889276  0.0004348761952 
     3.59375  7.036456406     0.2451755525  0.0005164999186 
     3.59375  7.216878365     0.7450790591  0.0006352691898 
     3.59375  7.397300324     0.4271530682   0.000784127753 
     3.59375  7.577722283     0.9751000487  0.0009537330945 
     3.59375  7.758144242     0.8299821737   0.001132421266 
     3.59375  7.938566201     0.7564187371   0.001306666381 
     3.59375   8.11898816     0.2548687085   0.001462091335 
     3.59375   8.29941012     0.4011474788   0.001584930457 
     3.59375  8.479832079     0.1209302635    0.00166370088 

        3.75            0     0.5536968982    0.00208058935 
        3.75 0.1804219591     0.5157537724   0.002047205273 
        3.75 0.3608439182     0.2261803156    0.00195007294 
        3.75 0.5412658774      0.555663863   0.001798522404 
        3.75 0.7216878365     0.1232068682   0.001606532785 
        3.75 0.9021097956     0.6367070186    0.00139079145 
        3.75  1.082531755      0.317363803   0.001168588268 
        3.75  1.262953714     0.1606303835  0.0009559558807 
        3.75  1.443375673     0.2916647696  0.0007663615623 
        3.75  1.623797632     0.5917433923  0.0006100857014 
        3.75  1.804219591     0.8327732336  0.0004942377284 
        3.75   1.98464155     0.2035012295  0.0004232114569 
        3.75  2.165063509     0.4816341205  0.0003993023262 
        3.75  2.345485469     0.8596702088  0.0004232114569 
        3.75  2.525907428     0.5167250012  0.0004942377284 
        3.75  2.706329387     0.6232521722  0.0006100857014 
        3.75  2.886751346     0.3188181191  0.0007663615623 
        3.75  3.067173305     0.6667949726  0.0009559558807 
        3.75  3.247595264     0.5459773026   0.001168588268 
        3.75  3.428017223     0.6632524665    0.00139079145 
        3.75  3.608439182     0.5490439641   0.001606532785 
        3.75  3.788861142     0.4021121375   0.001798522404 
        3.75  3.969283101     0.6395579189    0.00195007294 
        3.75   4.14970506     0.8723269921   0.002047205273 
        3.75  4.330127019     0.2746534075    0.00208058935 
        3.75  4.510548978     0.7153221701   0.002047205273 
        3.75  4.690970937     0.3948539968    0.00195007294 
        3.75  4.871392896     0.7406779362   0.001798522404 
        3.75  5.051814855    0.04180654849   0.001606532785 
        3.75  5.232236815     0.7460193438    0.00139079145 
        3.75  5.412658774     0.3765101678   0.001168588268 
        3.75  5.593080733     0.1510811744  0.0009559558807 
        3.75  5.773502692     0.7476716617  0.0007663615623 
        3.75  5.953924651     0.5995955393  0.0006100857014 
        3.75   6.13434661     0.8081092056  0.0004942377284 
        3.75  6.314768569     0.9156429836  0.0004232114569 
        3.75  6.495190528     0.1950878604  0.0003993023262 
        3.75  6.675612488     0.9008892531  0.0004232114569 
        3.75  6.856034447     0.8847471326  0.0004942377284 
        3.75  7.036456406     0.8586167772  0.0006100857014 
        3.75  7.216878365     0.2825094022  0.0007663615623 
        3.75  7.397300324     0.3888680949  0.0009559558807 
        3.75  7.577722283     0.2965659255   0.001168588268 
        3.75  7.758144242     0.7755752926    0.00139079145 
        3.75  7.938566201     0.9989283782   0.001606532785 
        3.75   8.11898816     0.2023437457   0.001798522404 
        3.75   8.29941012     0.6596310162    0.00195007294 
        3.75  8.479832079     0.3923136469   0.002047205273 

     3.90625            0     0.8082998624    0.00249859666 
     3.90625 0.1804219591     0.9720192423   0.002458425619 
     3.90625 0.3608439182     0.6226874233   0.002341616356 
     3.90625 0.5412658774     0.8696148865   0.002159302649 
     3.90625 0.7216878365     0.2955442973   0.001928149126 
     3.90625 0.9021097956     0.6453192777   0.001667990772 
     3.90625  1.082531755     0.3010982716   0.001399264296 
     3.90625  1.262953714     0.7515815927   0.001140726154 
     3.90625  1.443375673     0.2013045302  0.0009078292701 
     3.90625  1.623797632     0.9096429073  0.0007119310891 
     3.90625  1.804219591    0.09368431813  0.0005602904664 
     3.90625   1.98464155     0.5726122066  0.0004566373389 
     3.90625  2.165063509     0.3182444067  0.0004020052903 
     3.90625  2.345485469     0.3305428211  0.0003955151952 
     3.90625  2.525907428     0.3030999745  0.0004348761952 
     3.90625  2.706329387     0.3939126683  0.0005164999186 
     3.90625  2.886751346     0.4531252629  0.0006352691898 
     3.90625  3.067173305     0.3849772846   0.000784127753 
     3.90625  3.247595264     0.4044994139  0.0009537330945 
     3.90625  3.428017223     0.7699887678   0.001132421266 
     3.90625  3.608439182     0.8973476541   0.001306666381 
     3.90625  3.788861142    0.05764555229   0.001462091335 
     3.90625  3.969283101     0.6902515871   0.001584930457 
     3.90625   4.14970506     0.9611190687    0.00166370088 
     3.90625  4.330127019      0.844214133   0.001690749961 
     3.90625  4.510548978     0.2424538013    0.00166370088 
     3.90625  4.690970937      0.736908353   0.001584930457 
     3.90625  4.871392896     0.6633009619   0.001462091335 
     3.90625  5.051814855     0.7759303525   0.001306666381 
     3.90625  5.232236815     0.8495418596   0.001132421266 
     3.90625  5.412658774     0.1254723199  0.0009537330945 
     3.90625  5.593080733     0.6225697739   0.000784127753 
     3.90625  5.773502692     0.2159567706  0.0006352691898 
     3.90625  5.953924651     0.1112538617  0.0005164999186 
     3.90625   6.13434661    0.04538384805  0.0004348761952 
     3.90625  6.314768569     0.7984719522  0.0003955151952 
     3.90625  6.495190528     0.5970272684  0.0004020052903 
     3.90625  6.675612488     0.7580038027  0.0004566373389 
     3.90625  6.856034447      0.721532173  0.0005602904664 
     3.90625  7.036456406     0.9281325166  0.0007119310891 
     3.90625  7.216878365     0.5792690384  0.0009078292701 
     3.90625  7.397300324     0.7922677007   0.001140726154 
     3.90625  7.577722283     0.1055873377   0.001399264296 
     3.90625  7.758144242     0.2212373878   0.001667990772 
     3.90625  7.938566201     0.9292519378   0.001928149126 
     3.90625   8.11898816     0.3001946527   0.002159302649 
     3.90625   8.29941012      0.478143479   0.002341616356 
     3.90625  8.479832079     0.7130641312   0.002458425619 

      4.0625            0     0.4808480446   0.002928241544 
      4.0625 0.1804219591     0.4804067162   0.002881099604 
      4.0625 0.3608439182     0.8853337537   0.002744075795 
      4.0625 0.5412658774      0.396234222   0.002530162282 
      4.0625 0.7216878365     0.8161908296   0.002258791701 
      4.0625 0.9021097956     0.4625375197   0.001953047175 
      4.0625  1.082531755     0.8688252491    0.00163662041 
      4.0625  1.262953714     0.4709438395   0.001331098771 
      4.0625  1.443375673     0.8874051792   0.001054021378 
      4.0625  1.623797632    0.06475180329  0.0008179148522 
      4.0625  1.804219591     0.6179228727  0.0006302720331 
      4.0625   1.98464155      0.263412394  0.0004942377284 
      4.0625  2.165063509     0.6196250013  0.0004096568545 
      4.0625  2.345485469     0.7406451826  0.0003741342436 
      4.0625  2.525907428     0.8688737994  0.0003838361245 
      4.0625  2.706329387      0.940896985  0.0004338974864 
      4.0625  2.886751346      0.557867593  0.0005184476326 
      4.0625  3.067173305     0.9567022129  0.0006303918259 
      4.0625  3.247595264     0.5693024671  0.0007611627351 
      4.0625  3.428017223      0.595294776   0.000900666481 
      4.0625  3.608439182     0.9195030206   0.001037593639 
      4.0625  3.788861142     0.7884973044   0.001160159474 
      4.0625  3.969283101     0.9592630886   0.001257206913 
      4.0625   4.14970506     0.3115855724   0.001319485354 
      4.0625  4.330127019      0.415054641    0.00134084297 
      4.0625  4.510548978    0.06421740239   0.001319485354 
      4.0625  4.690970937     0.8220264371   0.001257206913 
      4.0625  4.871392896     0.7921308132   0.001160159474 
      4.0625  5.051814855     0.6089944739   0.001037593639 
      4.0625  5.232236815     0.5750068314   0.000900666481 
      4.0625  5.412658774     0.7279982096  0.0007611627351 
      4.0625  5.593080733     0.4465679965  0.0006303918259 
      4.0625  5.773502692     0.9591748834  0.0005184476326 
      4.0625  5.953924651      0.082147498  0.0004338974864 
      4.0625   6.13434661      0.996948466  0.0003838361245 
      4.0625  6.314768569     0.9475044187  0.0003741342436 
      4.0625  6.495190528     0.2912790422  0.0004096568545 
      4.0625  6.675612488     0.3124338541  0.0004942377284 
      4.0625  6.856034447      0.398889764  0.0006302720331 
      4.0625  7.036456406     0.9453709215  0.0008179148522 
      4.0625  7.216878365     0.8609668925   0.001054021378 
      4.0625  7.397300324    0.08162802279   0.001331098771 
      4.0625  7.577722283     0.3995422018    0.00163662041 
      4.0625  7.758144242     0.4015929836   0.001953047175 
      4.0625  7.938566201     0.6624852132   0.002258791701 
      4.0625   8.11898816     0.5973777518   0.002530162282 
      4.0625   8.29941012     0.2881454335   0.002744075795 
      4.0625  8.479832079     0.7514428019   0.002881099604 

     4.21875            0     0.6300762788   0.003349017014 
     4.21875 0.1804219591     0.7821387978   0.003295051991 
     4.21875 0.3608439182     0.3604987167   0.003138238885 
     4.21875 0.5412658774     0.4423442125   0.002893393351 
     4.21875 0.7216878365    0.05694831818    0.00258266492 
     4.21875 0.9021097956     0.3692773839    0.00223232784 
     4.21875  1.082531755     0.6818636424   0.001869277632 
     4.21875  1.262953714     0.4770273427   0.001517898487 
     4.21875  1.443375673      0.500162652    0.00119780793 
     4.21875  1.623797632     0.3065868558  0.0009227260384 
     4.21875  1.804219591     0.2984611652  0.0007004374581 
     4.21875   1.98464155     0.6047626421  0.0005335897121 
     4.21875  2.165063509     0.4742467473  0.0004209479949 
     4.21875  2.345485469     0.8785219928  0.0003587167059 
     4.21875  2.525907428     0.6077659452  0.0003416219895 
     4.21875  2.706329387      0.484049297  0.0003635892962 
     4.21875  2.886751346     0.6215005413  0.0004180021555 
     4.21875  3.067173305     0.7656556212  0.0004976555669 
     4.21875  3.247595264    0.04691969919  0.0005945942553 
     4.21875  3.428017223     0.8188469001  0.0007000411125 
     4.21875  3.608439182     0.7036580219  0.0008045768263 
     4.21875  3.788861142     0.6534851154   0.000898642658 
     4.21875  3.969283101     0.4947160269  0.0009733289174 
     4.21875   4.14970506     0.3605082115   0.001021311316 
     4.21875  4.330127019     0.6139043215   0.001037733863 
     4.21875  4.510548978     0.1433853444   0.001021311316 
     4.21875  4.690970937     0.6280621419  0.0009733289174 
     4.21875  4.871392896       0.37454827   0.000898642658 
     4.21875  5.051814855     0.9932903597  0.0008045768263 
     4.21875  5.232236815     0.6562436137  0.0007000411125 
     4.21875  5.412658774     0.2331595212  0.0005945942553 
     4.21875  5.593080733   0.009504549288  0.0004976555669 
     4.21875  5.773502692    0.03053478717  0.0004180021555 
     4.21875  5.953924651     0.9012556882  0.0003635892962 
     4.21875   6.13434661     0.4455138499  0.0003416219895 
     4.21875  6.314768569     0.3287800343  0.0003587167059 
     4.21875  6.495190528     0.5549512749  0.0004209479949 
     4.21875  6.675612488     0.2955418976  0.0005335897121 
     4.21875  6.856034447     0.1857015555  0.0007004374581 
     4.21875  7.036456406      0.369535577  0.0009227260384 
     4.21875  7.216878365     0.7061149563    0.00119780793 
     4.21875  7.397300324     0.5497423322   0.001517898487 
     4.21875  7.577722283     0.6344827428   0.001869277632 
     4.21875  7.758144242      0.460498009    0.00223232784 
     4.21875  7.938566201     0.2636368546    0.00258266492 
     4.21875   8.11898816     0.4563824587   0.002893393351 
     4.21875   8.29941012     0.9375547649   0.003138238885 
     4.21875  8.479832079     0.5003816764   0.003295051991 

       4.375            0     0.7783030498   0.003737891413 
       4.375 0.1804219591     0.6819503462   0.003677623187 
       4.375 0.3608439182    0.02813789744   0.003502526371 
       4.375 0.5412658774     0.2520960969   0.003229104158 
       4.375 0.7216878365     0.2839977417   0.002882020979 
       4.375 0.9021097956     0.8807341969   0.002490506926 
       4.375  1.082531755     0.6337772549   0.002084429035 
       4.375  1.262953714     0.7876111967   0.001690772413 
       4.375  1.443375673     0.3149730355   0.001331098771 
       4.375  1.623797632     0.4107605955   0.001020263217 
       4.375  1.804219591     0.6948521656  0.0007663615623 
       4.375   1.98464155     0.2706497656  0.0005716319126 
       4.375  2.165063509    0.01748625606  0.0004338974864 
       4.375  2.345485469     0.6427761926  0.0003481242486 
       4.375  2.525907428     0.1383672834  0.0003077544341 
       4.375  2.706329387     0.8826107041  0.0003056226341 
       4.375  2.886751346     0.6326164297  0.0003344179751 
       4.375  3.067173305     0.3418021316  0.0003867854996 
       4.375  3.247595264     0.8287896067  0.0004552381727 
       4.375  3.428017223     0.5199916013  0.0005320695756 
       4.375  3.608439182     0.9773613159  0.0006094214252 
       4.375  3.788861142     0.5807205817   0.000679585069 
       4.375  3.969283101     0.9504538136  0.0007355243056 
       4.375   4.14970506     0.2224022858  0.0007715230541 
       4.375  4.330127019      0.990314887  0.0007838077102 
       4.375  4.510548978     0.3610986318  0.0007715230541 
       4.375  4.690970937     0.8204394093  0.0007355243056 
       4.375  4.871392896     0.8750081336   0.000679585069 
       4.375  5.051814855     0.1219468525  0.0006094214252 
       4.375  5.232236815     0.9742446528  0.0005320695756 
       4.375  5.412658774      0.428031254  0.0004552381727 
       4.375  5.593080733    0.05879338589  0.0003867854996 
       4.375  5.773502692     0.8643732188  0.0003344179751 
       4.375  5.953924651    0.07543236641  0.0003056226341 
       4.375   6.13434661      0.104253485  0.0003077544341 
       4.375  6.314768569     0.8302316008  0.0003481242486 
       4.375  6.495190528     0.1454369823  0.0004338974864 
       4.375  6.675612488     0.0520243689  0.0005716319126 
       4.375  6.856034447    0.03725708141  0.0007663615623 
       4.375  7.036456406     0.5833617215   0.001020263217 
       4.375  7.216878365     0.5088687984   0.001331098771 
       4.375  7.397300324   0.009441669222   0.001690772413 
       4.375  7.577722283     0.3059237755   0.002084429035 
       4.375  7.758144242     0.8942899034   0.002490506926 
       4.375  7.938566201     0.9839755533   0.002882020979 
       4.375   8.11898816     0.6893708018   0.003229104158 
       4.375   8.29941012     0.4309164764   0.003502526371 
       4.375  8.479832079     0.9315092765   0.003677623187 

     4.53125            0     0.8284934508   0.004071311278 
     4.53125 0.1804219591     0.3574550689   0.004005639858 
     4.53125 0.3608439182     0.1932849742   0.003814868983 
     4.53125 0.5412658774     0.3640219825   0.003516949763 
     4.53125 0.7216878365       0.73245473   0.003138704677 
     4.53125 0.9021097956     0.2463583385    0.00271190111 
     4.53125  1.082531755     0.3544106085   0.002268958595 
     4.53125  1.262953714     0.1129011203   0.001839099448 
     4.53125  1.443375673     0.6592451699   0.001445562731 
     4.53125  1.623797632     0.6053775249   0.001104191014 
     4.53125  1.804219591     0.9270873064  0.0008233653957 
     4.53125   1.98464155     0.1313413078  0.0006049953095 
     4.53125  2.165063509     0.4677477287   0.000446121241 
     4.53125  2.345485469     0.1197189267  0.0003406722109 
     4.53125  2.525907428     0.8447408339  0.0002810105833 
     4.53125  2.706329387      0.443651689  0.0002590476764 
     4.53125  2.886751346     0.5126962462  0.0002668749327 
     4.53125  3.067173305     0.3555077636  0.0002969874002 
     4.53125  3.247595264     0.6109967892  0.0003422560861 
     4.53125  3.428017223     0.2422434176  0.0003958273801 
     4.53125  3.608439182     0.4494884369  0.0004510985998 
     4.53125  3.788861142     0.7873055539   0.000501855008 
     4.53125  3.969283101     0.5095819737  0.0005425760042 
     4.53125   4.14970506     0.9737691533  0.0005688476766 
     4.53125  4.330127019     0.1029563107  0.0005777730971 
     4.53125  4.510548978     0.6044908392  0.0005688476766 
     4.53125  4.690970937    0.03491724147  0.0005425760042 
     4.53125  4.871392896     0.5505382248   0.000501855008 
     4.53125  5.051814855     0.1105790405  0.0004510985998 
     4.53125  5.232236815     0.3312984177  0.0003958273801 
     4.53125  5.412658774    0.04030670304  0.0003422560861 
     4.53125  5.593080733     0.4185253978  0.0002969874002 
     4.53125  5.773502692    0.09734459144  0.0002668749327 
     4.53125  5.953924651     0.6565598888  0.0002590476764 
     4.53125   6.13434661     0.7180336145  0.0002810105833 
     4.53125  6.314768569     0.6870652032  0.0003406722109 
     4.53125  6.495190528     0.4074731655   0.000446121241 
     4.53125  6.675612488     0.6494853053  0.0006049953095 
     4.53125  6.856034447     0.1777497227  0.0008233653957 
     4.53125  7.036456406     0.4183889223   0.001104191014 
     4.53125  7.216878365     0.6044727826   0.001445562731 
     4.53125  7.397300324     0.3040686295   0.001839099448 
     4.53125  7.577722283     0.6356487088   0.002268958595 
     4.53125  7.758144242     0.6562682385    0.00271190111 
     4.53125  7.938566201      0.677291516   0.003138704677 
     4.53125   8.11898816     0.1080885376   0.003516949763 
     4.53125   8.29941012      0.070684728   0.003814868983 
     4.53125  8.479832079     0.7223607524   0.004005639858 

      4.6875            0     0.8408165918    0.00432752764 
      4.6875 0.1804219591     0.4360786462   0.004257703764 
      4.6875 0.3608439182     0.4608632961   0.004054887406 
      4.6875 0.5412658774    0.05425080115   0.003738141994 
      4.6875 0.7216878365     0.4661006355   0.003335947782 
      4.6875 0.9021097956     0.3476036362   0.002882020979 
      4.6875  1.082531755     0.3416508638   0.002410741053 
      4.6875  1.262953714     0.7307363628   0.001953047175 
      4.6875  1.443375673     0.7521513888   0.001533463992 
      4.6875  1.623797632     0.5525297744   0.001168588268 
      4.6875  1.804219591     0.8905250522  0.0008670143362 
      4.6875   1.98464155     0.1506998247  0.0006303918259 
      4.6875  2.165063509     0.2591240055  0.0004551516642 
      4.6875  2.345485469     0.5491370707  0.0003344179751 
      4.6875  2.525907428     0.5036185717  0.0002597165132 
      4.6875  2.706329387     0.1125104828   0.000222245214 
      4.6875  2.886751346     0.3393070568  0.0002136369763 
      4.6875  3.067173305      0.944015184  0.0002262785207 
      4.6875  3.247595264     0.6526000069  0.0002533300519 
      4.6875  3.428017223     0.3433370086  0.0002886144089 
      4.6875  3.608439182     0.8597106375  0.0003265205908 
      4.6875  3.788861142     0.2409246524  0.0003620117574 
      4.6875  3.969283101     0.4489389377  0.0003907613449 
      4.6875   4.14970506    0.05901591447  0.0004093809276 
      4.6875  4.330127019     0.4077656532  0.0004156638872 
      4.6875  4.510548978     0.7810522936  0.0004093809276 
      4.6875  4.690970937     0.6484419322  0.0003907613449 
      4.6875  4.871392896     0.1298649937  0.0003620117574 
      4.6875  5.051814855     0.1829866336  0.0003265205908 
      4.6875  5.232236815      0.836362637  0.0002886144089 
      4.6875  5.412658774     0.8005078311  0.0002533300519 
      4.6875  5.593080733     0.1587600376  0.0002262785207 
      4.6875  5.773502692     0.3197803797  0.0002136369763 
      4.6875  5.953924651    0.06882681947   0.000222245214 
      4.6875   6.13434661     0.5702387479  0.0002597165132 
      4.6875  6.314768569     0.6931831055  0.0003344179751 
      4.6875  6.495190528     0.1641311499  0.0004551516642 
      4.6875  6.675612488     0.3617086141  0.0006303918259 
      4.6875  6.856034447     0.8100734987  0.0008670143362 
      4.6875  7.036456406     0.4784983832   0.001168588268 
      4.6875  7.216878365     0.8388254259   0.001533463992 
      4.6875  7.397300324    0.01689303164   0.001953047175 
      4.6875  7.577722283     0.7520209865   0.002410741053 
      4.6875  7.758144242    0.09428210809   0.002882020979 
      4.6875  7.938566201     0.3082899943   0.003335947782 
      4.6875   8.11898816    0.05069386991   0.003738141994 
      4.6875   8.29941012     0.5525163089   0.004054887406 
      4.6875  8.479832079    0.04729157006   0.004257703764 

     4.84375            0    0.09817448165   0.004488932203 
     4.84375 0.1804219591      0.274889625   0.004416490327 
     4.84375 0.3608439182      0.322444956   0.004206081514 
     4.84375 0.5412658774     0.6441427876      0.003877468 
     4.84375 0.7216878365     0.1353508694   0.003460171062 
     4.84375 0.9021097956     0.1125742956   0.002989129077 
     4.84375  1.082531755    0.01173738441   0.002499947414 
     4.84375  1.262953714     0.3322812296   0.002024633438 
     4.84375  1.443375673     0.7306348304   0.001588502338 
     4.84375  1.623797632    0.04379933757   0.001208599463 
     4.84375  1.804219591     0.3275547343  0.0008936191614 
     4.84375   1.98464155     0.3395804726  0.0006450058957 
     4.84375  2.165063509      0.377939814  0.0004587603667 
     4.84375  2.345485469     0.4039432641  0.0003274534685 
     4.84375  2.525907428     0.5187753583  0.0002420450538 
     4.84375  2.706329387     0.6846008336  0.0001932613414 
     4.84375  2.886751346     0.4936998493  0.0001724506454 
     4.84375  3.067173305     0.6296604153  0.0001719711976 
     4.84375  3.247595264     0.8404427766  0.0001852459693 
     4.84375  3.428017223     0.5526417434  0.0002066449194 
     4.84375  3.608439182     0.2320726611  0.0002313354525 
     4.84375  3.788861142     0.4661964889  0.0002551941128 
     4.84375  3.969283101      0.246623444  0.0002748148801 
     4.84375   4.14970506     0.2214908157  0.0002875976775 
     4.84375  4.330127019     0.9463416715  0.0002918660565 
     4.84375  4.510548978     0.7162287884  0.0002875976775 
     4.84375  4.690970937     0.7610737564  0.0002748148801 
     4.84375  4.871392896     0.7344602955  0.0002551941128 
     4.84375  5.051814855     0.5224196332  0.0002313354525 
     4.84375  5.232236815      0.241936881  0.0002066449194 
     4.84375  5.412658774     0.3979616573  0.0001852459693 
     4.84375  5.593080733     0.1668063134  0.0001719711976 
     4.84375  5.773502692     0.8141704591  0.0001724506454 
     4.84375  5.953924651     0.8294148022  0.0001932613414 
     4.84375   6.13434661     0.3721728562  0.0002420450538 
     4.84375  6.314768569      0.986451996  0.0003274534685 
     4.84375  6.495190528     0.1095054812  0.0004587603667 
     4.84375  6.675612488     0.2723003974  0.0006450058957 
     4.84375  6.856034447     0.7730022476  0.0008936191614 
     4.84375  7.036456406     0.8123754145   0.001208599463 
     4.84375  7.216878365      0.440304681   0.001588502338 
     4.84375  7.397300324     0.3694527856   0.002024633438 
     4.84375  7.577722283     0.5674521103   0.002499947414 
     4.84375  7.758144242      0.094494117   0.002989129077 
     4.84375  7.938566201     0.9559403603   0.003460171062 
     4.84375   8.11898816     0.3224871298      0.003877468 
     4.84375   8.29941012     0.8678593172   0.004206081514 
     4.84375  8.479832079     0.6896232734   0.004416490327 

